000000000
123456789
000000051
1234?678? ILL
444444444 ERR
777777177
333393333
666666666 AMB [686666666 666566666 ]
490067715 AMB [490867715 490067115 490067719 ]
123456789
000000000
711111111
222222222 ERR
333393333
444444444 ERR
555555555 AMB [559555555 555655555 ]
666666666 AMB [686666666 666566666 ]
777777177
888888888 AMB [888886888 888888988 888888880 ]
999999999 AMB [899999999 993999999 999959999 ]
123456789
000000051
49006771? ILL
1234?678? ILL
711111111
777777177
200800000
333393333
888888888 AMB [888886888 888888988 888888880 ]
555555555 AMB [559555555 555655555 ]
666666666 AMB [686666666 666566666 ]
999999999 AMB [899999999 993999999 999959999 ]
490067715 AMB [490867715 490067115 490067719 ]
123456789
000000051
490867715
